
0,0 1,0 2,0 3,0 4,0 5,0 6,0 7,0 8,0 9,0 10,0 11,0 12,0 13,0 14,0 15,0 16,0 17,0 18,0 19,0 20,0 21,0 22,0 23,0 24,0 25,0 26,0 27,0 28,0 29,8191 30,0 31,0 
0,0 1,0 2,0 3,0 4,0 5,0 6,0 7,0 8,0 9,0 10,0 11,0 12,0 13,0 14,0 15,0 16,1 17,0 18,0 19,0 20,0 21,0 22,0 23,0 24,0 25,0 26,0 27,0 28,0 29,8191 30,0 31,0 
0,0 1,0 2,0 3,0 4,0 5,0 6,0 7,0 8,0 9,0 10,0 11,0 12,0 13,0 14,0 15,0 16,1 17,1 18,0 19,0 20,0 21,0 22,0 23,0 24,0 25,0 26,0 27,0 28,0 29,8191 30,0 31,0 
0,0 1,0 2,0 3,0 4,0 5,0 6,0 7,0 8,0 9,0 10,0 11,0 12,0 13,0 14,0 15,0 16,1 17,1 18,1 19,0 20,0 21,0 22,0 23,0 24,0 25,0 26,0 27,0 28,0 29,8191 30,0 31,0 
0,0 1,0 2,0 3,0 4,0 5,0 6,0 7,0 8,0 9,0 10,0 11,0 12,0 13,0 14,0 15,0 16,1 17,1 18,1 19,0 20,3 21,0 22,0 23,0 24,0 25,0 26,0 27,0 28,0 29,8191 30,0 31,0 
0,0 1,0 2,0 3,0 4,0 5,0 6,0 7,0 8,0 9,0 10,0 11,0 12,0 13,0 14,0 15,0 16,1 17,1 18,1 19,0 20,3 21,0 22,0 23,0 24,0 25,0 26,0 27,0 28,0 29,8191 30,0 31,0 
0,0 1,0 2,0 3,0 4,0 5,0 6,0 7,0 8,0 9,0 10,0 11,0 12,0 13,0 14,0 15,0 16,2 17,1 18,1 19,0 20,3 21,0 22,0 23,0 24,0 25,0 26,0 27,0 28,0 29,8191 30,0 31,0 
0,0 1,0 2,0 3,0 4,0 5,0 6,0 7,0 8,0 9,0 10,0 11,0 12,0 13,0 14,0 15,0 16,2 17,1 18,1 19,0 20,3 21,0 22,0 23,0 24,0 25,0 26,0 27,0 28,0 29,8191 30,0 31,0 
0,0 1,0 2,0 3,0 4,0 5,0 6,0 7,0 8,0 9,0 10,0 11,0 12,0 13,0 14,0 15,0 16,2 17,1 18,1 19,0 20,3 21,0 22,0 23,0 24,0 25,0 26,0 27,0 28,0 29,8191 30,0 31,0 
0,0 1,0 2,0 3,0 4,0 5,0 6,0 7,0 8,0 9,0 10,0 11,0 12,0 13,0 14,0 15,0 16,2 17,1 18,1 19,0 20,3 21,0 22,0 23,0 24,0 25,0 26,0 27,0 28,0 29,8191 30,0 31,0 
0,0 1,0 2,0 3,0 4,0 5,0 6,0 7,0 8,0 9,0 10,0 11,0 12,0 13,0 14,0 15,0 16,2 17,2 18,1 19,0 20,3 21,0 22,0 23,0 24,0 25,0 26,0 27,0 28,0 29,8191 30,0 31,0 
0,0 1,0 2,0 3,0 4,0 5,0 6,0 7,0 8,0 9,0 10,0 11,0 12,0 13,0 14,0 15,0 16,2 17,2 18,1 19,1 20,3 21,0 22,0 23,0 24,0 25,0 26,0 27,0 28,0 29,8191 30,0 31,0 
0,0 1,0 2,0 3,0 4,0 5,0 6,0 7,0 8,0 9,0 10,0 11,0 12,0 13,0 14,0 15,0 16,2 17,2 18,1 19,2 20,3 21,0 22,0 23,0 24,0 25,0 26,0 27,0 28,0 29,8191 30,0 31,0 
0,0 1,0 2,0 3,0 4,0 5,0 6,0 7,0 8,0 9,0 10,0 11,0 12,0 13,0 14,0 15,0 16,2 17,2 18,1 19,3 20,3 21,0 22,0 23,0 24,0 25,0 26,0 27,0 28,0 29,8191 30,0 31,0 
0,0 1,0 2,0 3,0 4,0 5,0 6,0 7,0 8,0 9,0 10,0 11,0 12,0 13,0 14,0 15,0 16,2 17,2 18,2 19,3 20,3 21,0 22,0 23,0 24,0 25,0 26,0 27,0 28,0 29,8191 30,0 31,0 
0,0 1,0 2,0 3,0 4,0 5,0 6,0 7,0 8,0 9,0 10,0 11,0 12,0 13,0 14,0 15,0 16,2 17,2 18,2 19,3 20,3 21,0 22,0 23,0 24,0 25,0 26,0 27,0 28,0 29,8191 30,0 31,0 
0,0 1,0 2,0 3,0 4,0 5,0 6,0 7,0 8,0 9,0 10,0 11,0 12,0 13,0 14,0 15,0 16,2 17,2 18,2 19,3 20,3 21,0 22,0 23,0 24,0 25,0 26,0 27,0 28,0 29,8191 30,0 31,0 
0,0 1,0 2,0 3,0 4,0 5,0 6,0 7,0 8,0 9,0 10,0 11,0 12,0 13,0 14,0 15,0 16,2 17,2 18,2 19,4 20,3 21,0 22,0 23,0 24,0 25,0 26,0 27,0 28,0 29,8191 30,0 31,0 
0,0 1,0 2,0 3,0 4,0 5,0 6,0 7,0 8,0 9,0 10,0 11,0 12,0 13,0 14,0 15,0 16,2 17,2 18,2 19,5 20,3 21,0 22,0 23,0 24,0 25,0 26,0 27,0 28,0 29,8191 30,0 31,0 
0,0 1,0 2,0 3,0 4,0 5,0 6,0 7,0 8,0 9,0 10,0 11,0 12,0 13,0 14,0 15,0 16,2 17,2 18,2 19,6 20,3 21,0 22,0 23,0 24,0 25,0 26,0 27,0 28,0 29,8191 30,0 31,0 
0,0 1,0 2,0 3,0 4,0 5,0 6,0 7,0 8,0 9,0 10,0 11,0 12,0 13,0 14,0 15,0 16,2 17,2 18,3 19,6 20,3 21,0 22,0 23,0 24,0 25,0 26,0 27,0 28,0 29,8191 30,0 31,0 
0,0 1,0 2,0 3,0 4,0 5,0 6,0 7,0 8,0 9,0 10,0 11,0 12,0 13,0 14,0 15,0 16,2 17,2 18,3 19,6 20,3 21,0 22,0 23,0 24,0 25,0 26,0 27,0 28,0 29,8191 30,0 31,0 
0,0 1,0 2,0 3,0 4,0 5,0 6,0 7,0 8,0 9,0 10,0 11,0 12,0 13,0 14,0 15,0 16,2 17,2 18,3 19,6 20,3 21,0 22,0 23,0 24,0 25,0 26,0 27,0 28,0 29,8191 30,0 31,0 
0,0 1,0 2,0 3,0 4,0 5,0 6,0 7,0 8,0 9,0 10,0 11,0 12,0 13,0 14,0 15,0 16,2 17,2 18,1 19,6 20,3 21,0 22,0 23,0 24,0 25,0 26,0 27,0 28,0 29,8191 30,0 31,0 
0,0 1,0 2,0 3,0 4,0 5,0 6,0 7,0 8,0 9,0 10,0 11,0 12,0 13,0 14,0 15,0 16,2 17,3 18,1 19,6 20,3 21,0 22,0 23,0 24,0 25,0 26,0 27,0 28,0 29,8191 30,0 31,0 
0,0 1,0 2,0 3,0 4,0 5,0 6,0 7,0 8,0 9,0 10,0 11,0 12,0 13,0 14,0 15,0 16,2 17,3 18,1 19,7 20,3 21,0 22,0 23,0 24,0 25,0 26,0 27,0 28,0 29,8191 30,0 31,0 
0,0 1,0 2,0 3,0 4,0 5,0 6,0 7,0 8,0 9,0 10,0 11,0 12,0 13,0 14,0 15,0 16,2 17,3 18,1 19,8 20,3 21,0 22,0 23,0 24,0 25,0 26,0 27,0 28,0 29,8191 30,0 31,0 
0,0 1,0 2,0 3,0 4,0 5,0 6,0 7,0 8,0 9,0 10,0 11,0 12,0 13,0 14,0 15,0 16,2 17,3 18,1 19,9 20,3 21,0 22,0 23,0 24,0 25,0 26,0 27,0 28,0 29,8191 30,0 31,0 
0,0 1,0 2,0 3,0 4,0 5,0 6,0 7,0 8,0 9,0 10,0 11,0 12,0 13,0 14,0 15,0 16,2 17,3 18,2 19,9 20,3 21,0 22,0 23,0 24,0 25,0 26,0 27,0 28,0 29,8191 30,0 31,0 
0,0 1,0 2,0 3,0 4,0 5,0 6,0 7,0 8,0 9,0 10,0 11,0 12,0 13,0 14,0 15,0 16,2 17,3 18,2 19,9 20,3 21,0 22,0 23,0 24,0 25,0 26,0 27,0 28,0 29,8191 30,0 31,0 
0,0 1,0 2,0 3,0 4,0 5,0 6,0 7,0 8,0 9,0 10,0 11,0 12,0 13,0 14,0 15,0 16,2 17,3 18,2 19,9 20,3 21,0 22,0 23,0 24,0 25,0 26,0 27,0 28,0 29,8191 30,0 31,0 
0,0 1,0 2,0 3,0 4,0 5,0 6,0 7,0 8,0 9,0 10,0 11,0 12,0 13,0 14,0 15,0 16,2 17,3 18,2 19,10 20,3 21,0 22,0 23,0 24,0 25,0 26,0 27,0 28,0 29,8191 30,0 31,0 
0,0 1,0 2,0 3,0 4,0 5,0 6,0 7,0 8,0 9,0 10,0 11,0 12,0 13,0 14,0 15,0 16,2 17,3 18,2 19,11 20,3 21,0 22,0 23,0 24,0 25,0 26,0 27,0 28,0 29,8191 30,0 31,0 
0,0 1,0 2,0 3,0 4,0 5,0 6,0 7,0 8,0 9,0 10,0 11,0 12,0 13,0 14,0 15,0 16,2 17,3 18,2 19,12 20,3 21,0 22,0 23,0 24,0 25,0 26,0 27,0 28,0 29,8191 30,0 31,0 
0,0 1,0 2,0 3,0 4,0 5,0 6,0 7,0 8,0 9,0 10,0 11,0 12,0 13,0 14,0 15,0 16,2 17,3 18,3 19,12 20,3 21,0 22,0 23,0 24,0 25,0 26,0 27,0 28,0 29,8191 30,0 31,0 
0,0 1,0 2,0 3,0 4,0 5,0 6,0 7,0 8,0 9,0 10,0 11,0 12,0 13,0 14,0 15,0 16,2 17,3 18,3 19,12 20,3 21,0 22,0 23,0 24,0 25,0 26,0 27,0 28,0 29,8191 30,0 31,0 
0,0 1,0 2,0 3,0 4,0 5,0 6,0 7,0 8,0 9,0 10,0 11,0 12,0 13,0 14,0 15,0 16,2 17,3 18,3 19,12 20,3 21,0 22,0 23,0 24,0 25,0 26,0 27,0 28,0 29,8191 30,0 31,0 
0,0 1,0 2,0 3,0 4,0 5,0 6,0 7,0 8,0 9,0 10,0 11,0 12,0 13,0 14,0 15,0 16,2 17,3 18,3 19,12 20,3 21,0 22,0 23,0 24,0 25,0 26,0 27,0 28,0 29,8191 30,0 31,0 
0,0 1,0 2,0 3,0 4,0 5,0 6,0 7,0 8,0 9,0 10,0 11,0 12,0 13,0 14,0 15,0 16,3 17,3 18,3 19,12 20,3 21,0 22,0 23,0 24,0 25,0 26,0 27,0 28,0 29,8191 30,0 31,0 
0,0 1,0 2,0 3,0 4,0 5,0 6,0 7,0 8,0 9,0 10,0 11,0 12,0 13,0 14,0 15,0 16,3 17,1 18,3 19,12 20,3 21,0 22,0 23,0 24,0 25,0 26,0 27,0 28,0 29,8191 30,0 31,0 
0,0 1,0 2,0 3,0 4,0 5,0 6,0 7,0 8,0 9,0 10,0 11,0 12,0 13,0 14,0 15,0 16,3 17,1 18,3 19,12 20,3 21,0 22,0 23,0 24,0 25,0 26,0 27,0 28,0 29,8191 30,0 31,0 
0,0 1,0 2,0 3,0 4,0 5,0 6,0 7,0 8,0 9,0 10,0 11,0 12,0 13,0 14,0 15,0 16,3 17,1 18,1 19,12 20,3 21,0 22,0 23,0 24,0 25,0 26,0 27,0 28,0 29,8191 30,0 31,0 
0,0 1,0 2,0 3,0 4,0 5,0 6,0 7,0 8,0 9,0 10,0 11,0 12,0 13,0 14,0 15,0 16,3 17,2 18,1 19,12 20,3 21,0 22,0 23,0 24,0 25,0 26,0 27,0 28,0 29,8191 30,0 31,0 
0,0 1,0 2,0 3,0 4,0 5,0 6,0 7,0 8,0 9,0 10,0 11,0 12,0 13,0 14,0 15,0 16,3 17,2 18,1 19,13 20,3 21,0 22,0 23,0 24,0 25,0 26,0 27,0 28,0 29,8191 30,0 31,0 
0,0 1,0 2,0 3,0 4,0 5,0 6,0 7,0 8,0 9,0 10,0 11,0 12,0 13,0 14,0 15,0 16,3 17,2 18,1 19,14 20,3 21,0 22,0 23,0 24,0 25,0 26,0 27,0 28,0 29,8191 30,0 31,0 
0,0 1,0 2,0 3,0 4,0 5,0 6,0 7,0 8,0 9,0 10,0 11,0 12,0 13,0 14,0 15,0 16,3 17,2 18,1 19,15 20,3 21,0 22,0 23,0 24,0 25,0 26,0 27,0 28,0 29,8191 30,0 31,0 
0,0 1,0 2,0 3,0 4,0 5,0 6,0 7,0 8,0 9,0 10,0 11,0 12,0 13,0 14,0 15,0 16,3 17,2 18,2 19,15 20,3 21,0 22,0 23,0 24,0 25,0 26,0 27,0 28,0 29,8191 30,0 31,0 
0,0 1,0 2,0 3,0 4,0 5,0 6,0 7,0 8,0 9,0 10,0 11,0 12,0 13,0 14,0 15,0 16,3 17,2 18,2 19,15 20,3 21,0 22,0 23,0 24,0 25,0 26,0 27,0 28,0 29,8191 30,0 31,0 
0,0 1,0 2,0 3,0 4,0 5,0 6,0 7,0 8,0 9,0 10,0 11,0 12,0 13,0 14,0 15,0 16,3 17,2 18,2 19,15 20,3 21,0 22,0 23,0 24,0 25,0 26,0 27,0 28,0 29,8191 30,0 31,0 
0,0 1,0 2,0 3,0 4,0 5,0 6,0 7,0 8,0 9,0 10,0 11,0 12,0 13,0 14,0 15,0 16,3 17,2 18,2 19,16 20,3 21,0 22,0 23,0 24,0 25,0 26,0 27,0 28,0 29,8191 30,0 31,0 
0,0 1,0 2,0 3,0 4,0 5,0 6,0 7,0 8,0 9,0 10,0 11,0 12,0 13,0 14,0 15,0 16,3 17,2 18,2 19,17 20,3 21,0 22,0 23,0 24,0 25,0 26,0 27,0 28,0 29,8191 30,0 31,0 
0,0 1,0 2,0 3,0 4,0 5,0 6,0 7,0 8,0 9,0 10,0 11,0 12,0 13,0 14,0 15,0 16,3 17,2 18,2 19,18 20,3 21,0 22,0 23,0 24,0 25,0 26,0 27,0 28,0 29,8191 30,0 31,0 
0,0 1,0 2,0 3,0 4,0 5,0 6,0 7,0 8,0 9,0 10,0 11,0 12,0 13,0 14,0 15,0 16,3 17,2 18,3 19,18 20,3 21,0 22,0 23,0 24,0 25,0 26,0 27,0 28,0 29,8191 30,0 31,0 
0,0 1,0 2,0 3,0 4,0 5,0 6,0 7,0 8,0 9,0 10,0 11,0 12,0 13,0 14,0 15,0 16,3 17,2 18,3 19,18 20,3 21,0 22,0 23,0 24,0 25,0 26,0 27,0 28,0 29,8191 30,0 31,0 
0,0 1,0 2,0 3,0 4,0 5,0 6,0 7,0 8,0 9,0 10,0 11,0 12,0 13,0 14,0 15,0 16,3 17,2 18,3 19,18 20,3 21,0 22,0 23,0 24,0 25,0 26,0 27,0 28,0 29,8191 30,0 31,0 
0,0 1,0 2,0 3,0 4,0 5,0 6,0 7,0 8,0 9,0 10,0 11,0 12,0 13,0 14,0 15,0 16,3 17,2 18,1 19,18 20,3 21,0 22,0 23,0 24,0 25,0 26,0 27,0 28,0 29,8191 30,0 31,0 
0,0 1,0 2,0 3,0 4,0 5,0 6,0 7,0 8,0 9,0 10,0 11,0 12,0 13,0 14,0 15,0 16,3 17,3 18,1 19,18 20,3 21,0 22,0 23,0 24,0 25,0 26,0 27,0 28,0 29,8191 30,0 31,0 
0,0 1,0 2,0 3,0 4,0 5,0 6,0 7,0 8,0 9,0 10,0 11,0 12,0 13,0 14,0 15,0 16,3 17,3 18,1 19,19 20,3 21,0 22,0 23,0 24,0 25,0 26,0 27,0 28,0 29,8191 30,0 31,0 
0,0 1,0 2,0 3,0 4,0 5,0 6,0 7,0 8,0 9,0 10,0 11,0 12,0 13,0 14,0 15,0 16,3 17,3 18,1 19,20 20,3 21,0 22,0 23,0 24,0 25,0 26,0 27,0 28,0 29,8191 30,0 31,0 
0,0 1,0 2,0 3,0 4,0 5,0 6,0 7,0 8,0 9,0 10,0 11,0 12,0 13,0 14,0 15,0 16,3 17,3 18,1 19,21 20,3 21,0 22,0 23,0 24,0 25,0 26,0 27,0 28,0 29,8191 30,0 31,0 
0,0 1,0 2,0 3,0 4,0 5,0 6,0 7,0 8,0 9,0 10,0 11,0 12,0 13,0 14,0 15,0 16,3 17,3 18,2 19,21 20,3 21,0 22,0 23,0 24,0 25,0 26,0 27,0 28,0 29,8191 30,0 31,0 
0,0 1,0 2,0 3,0 4,0 5,0 6,0 7,0 8,0 9,0 10,0 11,0 12,0 13,0 14,0 15,0 16,3 17,3 18,2 19,21 20,3 21,0 22,0 23,0 24,0 25,0 26,0 27,0 28,0 29,8191 30,0 31,0 
0,0 1,0 2,0 3,0 4,0 5,0 6,0 7,0 8,0 9,0 10,0 11,0 12,0 13,0 14,0 15,0 16,3 17,3 18,2 19,21 20,3 21,0 22,0 23,0 24,0 25,0 26,0 27,0 28,0 29,8191 30,0 31,0 
0,0 1,0 2,0 3,0 4,0 5,0 6,0 7,0 8,0 9,0 10,0 11,0 12,0 13,0 14,0 15,0 16,3 17,3 18,2 19,22 20,3 21,0 22,0 23,0 24,0 25,0 26,0 27,0 28,0 29,8191 30,0 31,0 
0,0 1,0 2,0 3,0 4,0 5,0 6,0 7,0 8,0 9,0 10,0 11,0 12,0 13,0 14,0 15,0 16,3 17,3 18,2 19,23 20,3 21,0 22,0 23,0 24,0 25,0 26,0 27,0 28,0 29,8191 30,0 31,0 
0,0 1,0 2,0 3,0 4,0 5,0 6,0 7,0 8,0 9,0 10,0 11,0 12,0 13,0 14,0 15,0 16,3 17,3 18,2 19,24 20,3 21,0 22,0 23,0 24,0 25,0 26,0 27,0 28,0 29,8191 30,0 31,0 
0,0 1,0 2,0 3,0 4,0 5,0 6,0 7,0 8,0 9,0 10,0 11,0 12,0 13,0 14,0 15,0 16,3 17,3 18,3 19,24 20,3 21,0 22,0 23,0 24,0 25,0 26,0 27,0 28,0 29,8191 30,0 31,0 
0,0 1,0 2,0 3,0 4,0 5,0 6,0 7,0 8,0 9,0 10,0 11,0 12,0 13,0 14,0 15,0 16,3 17,3 18,3 19,24 20,3 21,0 22,0 23,0 24,0 25,0 26,0 27,0 28,0 29,8191 30,0 31,0 
0,0 1,0 2,0 3,0 4,0 5,0 6,0 7,0 8,0 9,0 10,0 11,0 12,0 13,0 14,0 15,0 16,3 17,3 18,3 19,24 20,3 21,0 22,0 23,0 24,0 25,0 26,0 27,0 28,0 29,8191 30,0 31,0 
0,0 1,0 2,0 3,0 4,0 5,0 6,0 7,0 8,0 9,0 10,0 11,0 12,0 13,0 14,0 15,0 16,3 17,3 18,3 19,24 20,3 21,0 22,0 23,0 24,0 25,0 26,0 27,0 28,0 29,8191 30,0 31,0 
